/* NATIONAL RECEIPTS BY SOURCE: https://www.whitehouse.gov/omb/budget/Historicals */
/* ACTUAL DOCUMENT: https://www.whitehouse.gov/sites/default/files/omb/budget/fy2017/assets/hist02z1.xls
/* [ 'year': { 'individual':%, 'corporate':%, 'social':%, 'excise':%, 'other':% }] */

var source_null = { 'individual':50, 'corporate':50, 'social':0, 'exise':0, 'other':0 },

var sources = {
  '1934' { 'individual':14.2, 'corporate':12.3, 'social':1.0, 'exise':45.8, 'other':26.7 },
  '1935' { 'individual':14.6, 'corporate':14.7, 'social':0.9, 'exise':39.9, 'other':30.0 },
  '1936' { 'individual':17.2, 'corporate':18.3, 'social':1.3, 'exise':41.6, 'other':21.6 },
  '1937' { 'individual':20.3, 'corporate':19.3, 'social':10.8, 'exise':34.8, 'other':14.9 },
  '1938' { 'individual':19.1, 'corporate':19.1, 'social':22.8, 'exise':27.6, 'other':11.5 },
  '1939' { 'individual':16.3, 'corporate':17.9, 'social':25.3, 'exise':29.7, 'other':10.7 },
  '1940' { 'individual':13.6, 'corporate':18.3, 'social':27.3, 'exise':30.2, 'other':10.7 },
  '1941' { 'individual':15.1, 'corporate':24.4, 'social':22.3, 'exise':29.3, 'other':9.0 },
  '1942' { 'individual':22.3, 'corporate':32.2, 'social':16.8, 'exise':23.2, 'other':5.5 },
  '1943' { 'individual':27.1, 'corporate':39.8, 'social':12.7, 'exise':17.1, 'other':3.3 },
  '1944' { 'individual':45.0, 'corporate':33.9, 'social':7.9, 'exise':10.9, 'other':2.2 },
  '1945' { 'individual':40.7, 'corporate':35.4, 'social':7.6, 'exise':13.9, 'other':2.4 },
  '1946' { 'individual':41.0, 'corporate':30.2, 'social':7.9, 'exise':17.8, 'other':3.1 },
  '1947' { 'individual':46.6, 'corporate':22.4, 'social':8.9, 'exise':18.7, 'other':3.5 },
  '1948' { 'individual':46.5, 'corporate':23.3, 'social':9.0, 'exise':17.7, 'other':3.5 },
  '1949' { 'individual':39.5, 'corporate':28.4, 'social':9.6, 'exise':19.0, 'other':3.5 },
  '1950' { 'individual':39.9, 'corporate':26.5, 'social':11.0, 'exise':19.1, 'other':3.4 },
  '1951' { 'individual':41.9, 'corporate':27.3, 'social':11.0, 'exise':16.8, 'other':3.1 },
  '1952' { 'individual':42.2, 'corporate':32.1, 'social':9.7, 'exise':13.4, 'other':2.6 },
  '1953' { 'individual':42.8, 'corporate':30.5, 'social':9.8, 'exise':14.2, 'other':2.7 },
  '1954' { 'individual':42.4, 'corporate':30.3, 'social':10.3, 'exise':14.3, 'other':2.7 },
  '1955' { 'individual':43.9, 'corporate':27.3, 'social':12.0, 'exise':14.0, 'other':2.8 },
  '1956' { 'individual':43.2, 'corporate':28.0, 'social':12.5, 'exise':13.3, 'other':3.0 },
  '1957' { 'individual':44.5, 'corporate':26.5, 'social':12.5, 'exise':13.2, 'other':3.3 },
  '1958' { 'individual':43.6, 'corporate':25.2, 'social':14.1, 'exise':13.4, 'other':3.7 },
  '1959' { 'individual':46.3, 'corporate':21.8, 'social':14.8, 'exise':13.3, 'other':3.7 },
  '1960' { 'individual':44.0, 'corporate':23.2, 'social':15.9, 'exise':12.6, 'other':4.2 },
  '1961' { 'individual':43.8, 'corporate':22.2, 'social':17.4, 'exise':12.6, 'other':4.0 },
  '1962' { 'individual':45.7, 'corporate':20.6, 'social':17.1, 'exise':12.6, 'other':4.0 },
  '1963' { 'individual':44.7, 'corporate':20.3, 'social':18.6, 'exise':12.4, 'other':4.1 },
  '1964' { 'individual':43.2, 'corporate':20.9, 'social':19.5, 'exise':12.2, 'other':4.2 },
  '1965' { 'individual':41.8, 'corporate':21.8, 'social':19.0, 'exise':12.5, 'other':4.9 },
  '1966' { 'individual':42.4, 'corporate':23.0, 'social':19.5, 'exise':10.0, 'other':5.1 },
  '1967' { 'individual':41.3, 'corporate':22.8, 'social':21.9, 'exise':9.2, 'other':4.7 },
  '1968' { 'individual':44.9, 'corporate':18.7, 'social':22.2, 'exise':9.2, 'other':5.0 },
  '1969' { 'individual':46.7, 'corporate':19.6, 'social':20.9, 'exise':8.1, 'other':4.7 },
  '1970' { 'individual':46.9, 'corporate':17.0, 'social':23.0, 'exise':8.1, 'other':4.9 },
  '1971' { 'individual':46.1, 'corporate':14.3, 'social':25.3, 'exise':8.9, 'other':5.4 },
  '1972' { 'individual':45.7, 'corporate':15.5, 'social':25.4, 'exise':7.5, 'other':6.0 },
  '1973' { 'individual':44.7, 'corporate':15.7, 'social':27.3, 'exise':7.0, 'other':5.2 },
  '1974' { 'individual':45.2, 'corporate':14.7, 'social':28.5, 'exise':6.4, 'other':5.2 },
  '1975' { 'individual':43.9, 'corporate':14.6, 'social':30.3, 'exise':5.9, 'other':5.4 },
  '1976' { 'individual':44.2, 'corporate':13.9, 'social':30.5, 'exise':5.7, 'other':5.8 },
  '1977' { 'individual':44.3, 'corporate':15.4, 'social':29.9, 'exise':4.9, 'other':5.3 },
  '1978' { 'individual':45.3, 'corporate':15.0, 'social':30.3, 'exise':4.6, 'other':4.8 },
  '1979' { 'individual':47.0, 'corporate':14.2, 'social':30.0, 'exise':4.0, 'other':4.8 },
  '1980' { 'individual':47.2, 'corporate':12.5, 'social':30.5, 'exise':4.7, 'other':5.1 },
  '1981' { 'individual':47.7, 'corporate':10.2, 'social':30.5, 'exise':6.8, 'other':4.8 },
  '1982' { 'individual':48.2, 'corporate':8.0, 'social':32.6, 'exise':5.9, 'other':5.3 },
  '1983' { 'individual':48.1, 'corporate':6.2, 'social':34.8, 'exise':5.9, 'other':5.0 },
  '1984' { 'individual':44.8, 'corporate':8.5, 'social':35.9, 'exise':5.6, 'other':5.2 },
  '1985' { 'individual':45.6, 'corporate':8.4, 'social':36.1, 'exise':4.9, 'other':5.0 },
  '1986' { 'individual':45.4, 'corporate':8.2, 'social':36.9, 'exise':4.3, 'other':5.2 },
  '1987' { 'individual':46.0, 'corporate':9.8, 'social':35.5, 'exise':3.8, 'other':4.9 },
  '1988' { 'individual':44.1, 'corporate':10.4, 'social':36.8, 'exise':3.9, 'other':4.8 },
  '1989' { 'individual':45.0, 'corporate':10.4, 'social':36.3, 'exise':3.5, 'other':4.9 },
  '1990' { 'individual':45.2, 'corporate':9.1, 'social':36.8, 'exise':3.4, 'other':5.4 },
  '1991' { 'individual':44.3, 'corporate':9.3, 'social':37.5, 'exise':4.0, 'other':4.8 },
  '1992' { 'individual':43.6, 'corporate':9.2, 'social':37.9, 'exise':4.2, 'other':5.1 },
  '1993' { 'individual':44.2, 'corporate':10.2, 'social':37.1, 'exise':4.2, 'other':4.4 },
  '1994' { 'individual':43.1, 'corporate':11.2, 'social':36.7, 'exise':4.4, 'other':4.6 },
  '1995' { 'individual':43.7, 'corporate':11.6, 'social':35.8, 'exise':4.3, 'other':4.6 },
  '1996' { 'individual':45.2, 'corporate':11.8, 'social':35.1, 'exise':3.7, 'other':4.2 },
  '1997' { 'individual':46.7, 'corporate':11.5, 'social':34.2, 'exise':3.6, 'other':4.0 },
  '1998' { 'individual':48.1, 'corporate':11.0, 'social':33.2, 'exise':3.3, 'other':4.4 },
  '1999' { 'individual':48.1, 'corporate':10.1, 'social':33.5, 'exise':3.9, 'other':4.4 },
  '2000' { 'individual':49.6, 'corporate':10.2, 'social':32.2, 'exise':3.4, 'other':4.5 },
  '2001' { 'individual':49.9, 'corporate':7.6, 'social':34.9, 'exise':3.3, 'other':4.3 },
  '2002' { 'individual':46.3, 'corporate':8.0, 'social':37.8, 'exise':3.6, 'other':4.3 },
  '2003' { 'individual':44.5, 'corporate':7.4, 'social':40.0, 'exise':3.8, 'other':4.3 },
  '2004' { 'individual':43.0, 'corporate':10.1, 'social':39.0, 'exise':3.7, 'other':4.2 },
  '2005' { 'individual':43.1, 'corporate':12.9, 'social':36.9, 'exise':3.4, 'other':3.8 },
  '2006' { 'individual':43.4, 'corporate':14.7, 'social':34.8, 'exise':3.1, 'other':4.0 },
  '2007' { 'individual':45.3, 'corporate':14.4, 'social':33.9, 'exise':2.5, 'other':3.9 },
  '2008' { 'individual':45.4, 'corporate':12.1, 'social':35.7, 'exise':2.7, 'other':4.2 },
  '2009' { 'individual':43.5, 'corporate':6.6, 'social':42.3, 'exise':3.0, 'other':4.7 },
  '2010' { 'individual':41.5, 'corporate':8.9, 'social':40.0, 'exise':3.1, 'other':6.5 },
  '2011' { 'individual':47.4, 'corporate':7.9, 'social':35.5, 'exise':3.1, 'other':6.1 },
  '2012' { 'individual':46.2, 'corporate':9.9, 'social':34.5, 'exise':3.2, 'other':6.2 },
  '2013' { 'individual':47.4, 'corporate':9.9, 'social':34.2, 'exise':3.0, 'other':5.5 },
  '2014' { 'individual':46.2, 'corporate':10.6, 'social':33.9, 'exise':3.1, 'other':6.3 },
  '2015' { 'individual':47.4, 'corporate':10.6, 'social':32.8, 'exise':3.0, 'other':6.2 },
  '2016' { 'individual':48.8, 'corporate':8.8, 'social':33.0, 'exise':2.9, 'other':6.5 },
};
